NC_060925.1	248387328	8	0
NC_060926.1	242696752	9	0
NC_060927.1	201105948	9	0
NC_060928.1	193574945	4	0
NC_060929.1	182045439	5	0
NC_060930.1	172126628	28811	0
NC_060931.1	160567428	1	0
NC_060932.1	146259331	3	0
NC_060933.1	150617247	9	0
NC_060934.1	134758134	1	0
NC_060935.1	135127769	13	0
NC_060936.1	133324548	5	0
NC_060937.1	113566686	2	0
NC_060938.1	101161492	2	0
NC_060939.1	99753195	7	0
NC_060940.1	96330374	14	0
NC_060941.1	84276897	8	0
NC_060942.1	80542538	1	0
NC_060943.1	61707364	4	0
NC_060944.1	66210255	7	0
NC_060945.1	45090682	2	0
NC_060946.1	51324926	15	0
NC_060947.1	154259566	2	0
NC_060948.1	62460029	0	0
*	0	0	2
