Locus	Chromosome	Allele	Q1	Q2	AverageCoverage	CoverageFirstDecile	MinimumCoverage	proportionkMersCovered	LocusAvgColumnError	NColumns_UnaccountedAllele_fGT0.2	perfectG
A	1	A*11:01:01G	1	-70	49.3338	42	37	1	0.0016452	0	1
A	2	A*01:01:01G	1	-70	49.3338	42	37	1	0.0016452	0	1
B	1	B*08:01:01G	1	-6	47.2549	35	28	1	0.000187273	0	1
B	2	B*56:01:01G	1	-6	47.2549	35	28	1	0.000187273	0	1
C	1	C*01:02:01G	1	-4	47.8194	42	32	1	0.000142501	0	1
C	2	C*07:01:01G	1	-4	47.8194	42	32	1	0.000142501	0	1
DQA1	1	DQA1*01:01:01G	1	-1	53.1968	48	46	1	0	0	1
DQA1	2	DQA1*05:01:01G	1	-1	53.1968	48	46	1	0	0	1
DQB1	1	DQB1*02:01:01G	1	-3	51.0593	41	37	1	7.25374e-05	0	1
DQB1	2	DQB1*05:01:01G	1	-3	51.0593	41	37	1	7.25374e-05	0	1
DRB1	1	DRB1*01:01:01G	1	-5	40.0509	34	30	1	0.000272381	0	1
DRB1	2	DRB1*03:01:01G	1	-5	40.0509	34	30	1	0.000272381	0	1
